100 0 696
300 0 24805
500 0 201554
900 0 2128294
400 0 81770
200 0 6761
700 0 946115
600 0 355860
1300 0 7965065
800 0 1467394
1000 0 3344520
1100 0 5321795
1400 1 10790334
1200 0 5939513
1500 0 17466876
1600 1 20693980
1900 0 39962725
2000 1 48545471
1800 0 32518846
2200 1 87240273
1700 1 24912727
2300 1 90039675
2100 0 65992740
2500 0 124951489
2400 1 94480331
2600 0 156941840
2800 0 203602543
2700 1 154803374
2900 1 196306362
3000 1 246842994
4700 1 1489955529
4800 1 1566723478
4900 1 1887073721
5000 1 1943296646
5100 1 2125497425
5200 1 2266319946
5300 1 2433413930
5400 1 2705503269
5500 1 2953901989
5600 2 3061481840
6000 1 4138451444
5900 1 3956980703
5800 1 3611883442
5700 1 3249934499
6100 2 4396803712
6200 1 4637119491
6400 2 5645729330
6500 2 5779997765
6300 1 5230669539
6800 1 6514751742
6600 2 6100274106
6900 1 7264336346
6700 2 6331997121
7000 2 7786648851
7100 1 8321629384
7500 1 9739562854
7200 1 8576894624
7300 2 8786660690
7400 2 9312366367
7700 2 11265629522
7600 1 10781331134
7800 1 10790827150
3100 1 306875589
3200 1 313160988
3300 1 366809900
3400 1 442256249
3500 1 465214634
3600 1 510973961
3700 1 570743039
7900 1 11862166118
3800 1 618940641
3900 1 726303441
8000 1 11904097468
4000 1 849869368
4100 1 943843035
4200 1 872682588
8200 2 15311008963
4300 1 1092661926
8100 1 13509790004
4400 1 1188787202
4500 1 1286226358
4600 84 1457537395
8300 2 14786194416
8400 2 15426013224
8500 1 16060618698
8600 2 17776356133
8700 2 18068611744
8800 2 19442797203
8900 2 20124423627
9000 2 20954450454
9100 2 22347369772
9200 2 22734580370
9300 2 23734132443
9400 2 25281934124
9500 2 24618006647
9600 2 27117577291
9700 2 27663104236
9800 3 29396803651
9900 3 28944956044
10000 3 30950190748
