300 0 37450
600 0 378587
700 0 773192
900 0 2093311
1100 1 4599117
1000 0 3033810
1200 0 5952369
1300 0 8843788
400 1 67806
100 0 1610
200 0 9054
500 0 211665
800 0 1237569
1500 0 13112387
1600 0 20608951
1700 0 25186059
1400 0 11962730
1800 0 28776163
2000 0 51409818
2100 0 66863475
1900 1 41845133
2200 0 79568027
2300 0 88389354
2400 1 100549547
2700 1 153840699
2800 0 183181483
2600 0 150276104
2500 0 124736779
3000 0 269706399
2900 1 219992856
3100 1 337196689
3200 0 364466344
3300 1 381008435
3700 0 608773796
3400 0 446024166
3500 0 507472216
3900 1 711620721
3600 1 525024111
3800 1 665468590
4000 1 850534377
4200 1 970025730
4100 0 861433015
4300 1 1068279711
4400 1 1285560063
4500 1 1238602648
4600 85 1388167840
4700 1 1463308997
4800 1 1568811570
4900 1 1684596648
5100 1 2154468493
5000 1 2076749660
5200 1 2248970581
5300 1 2507512303
5400 2 2743375109
5600 2 3305828112
5500 1 2860440532
5700 1 3243724829
5900 1 3751586079
5800 2 3617957441
6000 2 4261714307
6100 1 4425058712
6200 2 4821134865
6300 1 5049127386
6400 1 5588115328
6500 2 5391834594
6600 2 6089879549
6700 1 6381584131
6800 1 6942857037
6900 2 7075746936
7000 2 7594098688
7100 2 8432230979
7200 1 8070456920
7300 1 9104542018
7400 2 8823645968
7500 2 9707886445
7600 2 10810517506
7700 2 10896552494
7800 1 11166416379
7900 2 12367949390
8000 1 12492055930
8100 2 13864505126
8200 2 14410702596
8300 2 14109667634
8400 2 15529067555
8500 2 16649734736
8600 2 16204195720
8700 2 17522014064
8800 2 18655937802
8900 2 18704877489
9000 1 20108884968
9100 2 21517485471
9300 2 23493142173
9400 2 23933673161
9500 2 26955387263
9600 3 27671430053
9700 2 27656966840
9800 2 28593384712
10000 2 31664658650
9900 2 30314541171
9200 2 20898974780
