400 0 88076
300 0 17407
200 0 9451
600 0 397609
800 0 1180297
100 0 1268
500 0 214727
700 0 723688
900 0 1790209
1000 0 2991045
1200 0 7766962
1400 0 12284012
1100 0 4394277
1500 0 15695531
1300 0 8704225
1800 0 35746686
1600 0 19205816
1700 0 27643016
1900 1 43232192
2000 1 54788594
2100 1 64440918
2200 1 83026154
2500 1 123327058
2300 1 88933359
2400 0 96714096
2900 1 236427689
2700 0 172277288
2600 0 150084746
3000 1 265409897
2800 1 196908022
3100 1 288210976
3200 1 343173280
3300 1 375591460
3400 1 430883234
3500 1 478764555
3700 1 533540484
3600 1 497234793
3800 1 619137616
4000 1 787523903
3900 1 707146953
4100 1 847093519
4400 1 1205554596
4200 1 949606114
4300 1 1093330606
4500 1 1407905444
4700 1 1520740295
4600 83 1466831831
4800 2 1696261187
4900 2 1860582329
5000 1 2070045980
5100 2 2188654617
5200 1 2226112395
5300 1 2522640183
5400 1 2815414920
5500 1 2850448658
5600 2 3346751181
5700 1 3291401003
5800 1 3776542135
5900 2 3941240932
6000 1 4166409468
6100 1 4167924439
6200 1 4567415241
6300 1 5158151748
6400 1 5002674385
6500 1 5369794962
6600 2 6171740678
6700 2 6330004979
6800 2 6583963440
6900 1 7378005628
7000 1 7852517049
7100 2 8535244172
7200 2 8565936524
8900 2 20331213102
9000 2 20863959137
9200 2 22885026744
9100 2 20523805994
9300 2 24526869912
9700 2 28057365852
9400 2 25490301255
9500 2 26333793989
9800 2 28604645648
7300 2 9736843433
9600 2 26704549817
7400 2 9038080742
9900 2 30936052560
7500 1 10128949983
10000 2 30770888394
7600 2 9880257778
7700 2 10592890910
7800 2 11994529854
7900 2 11618960881
8000 2 12638568283
8100 2 13913371099
8200 2 14560749591
8300 2 14208802756
8400 2 15524405712
8500 2 16895474114
8600 2 18030342731
8700 2 16749344220
8800 2 18703214278
