1700 0 22475844
1800 1 32610811
1900 0 45388788
2000 0 49000433
2100 0 61490992
2200 0 76502284
2300 0 91492229
2400 0 125112829
2500 0 118411144
2600 0 143458341
2700 0 176641603
2800 1 194669819
2900 0 218509210
3000 1 284310663
3100 0 279593582
3200 1 351925815
1500 0 14354077
1600 1 18771488
3300 1 422498153
3400 1 393124179
3500 1 445477573
3600 1 513015890
3700 1 590827218
3800 1 631409461
3900 1 761926604
4000 1 820862131
4100 1 932670224
4900 1 1921266146
4200 1 977290577
5000 1 1968265635
4300 1 1050146917
4400 1 1191156898
5100 1 2022742758
5200 1 2465642136
4500 1 1209890636
4600 91 1401327753
5300 1 2640271011
4700 1 1535142636
4800 2 1901727071
5400 1 2562986657
5500 1 2932110312
5600 2 3264146469
5700 1 3429204302
5800 1 3476045774
5900 1 3799261819
6000 2 4198680724
6100 2 4294510692
6200 1 4712678446
6300 1 5142777569
6400 1 5300095251
6500 2 5318092804
6600 2 6214297141
6700 2 6721024788
6800 2 6783123458
6900 2 7014319313
7000 1 7302857695
7100 1 7395072146
7200 2 8239789555
200 1 8291
100 0 1951
400 0 116684
500 0 238494
300 0 48492
600 0 435883
800 1 1036202
700 1 748601
1000 0 3448132
900 0 1893193
1100 1 4468058
7300 2 8950729664
1200 0 6877922
1300 0 9183831
1400 0 12088103
7400 2 9618879206
7500 2 10429702505
7600 2 9931804068
7700 2 10903680729
7800 2 12079452359
7900 2 12028535821
8000 2 12463429882
8100 2 13268960846
8200 1 13326582025
8300 2 15545846027
8400 2 15452263046
8500 2 16480311011
8600 2 18331438601
8700 2 17379565258
8800 2 18702908682
8900 2 20428136854
9100 2 21455647175
9000 2 21749930938
9200 2 23237772844
9300 2 23882964010
9400 2 24212907191
9500 2 25967417358
9600 3 27055999013
9800 2 27712370148
9700 2 27292227943
10000 2 32266888274
9900 3 28710331671
