400 0 91571
300 0 34304
200 0 8059
1100 1 3968406
1400 0 14196749
1200 0 7169248
1500 0 14763741
1600 1 21428160
1000 1 3421745
600 0 439276
800 0 1181025
1800 0 33403597
500 0 179722
1300 0 8687645
700 0 759210
1900 1 42345316
900 0 1823443
2000 0 48521329
1700 0 29917297
2400 0 105114815
2100 1 60974790
2500 1 109750605
2200 0 72917394
2300 0 78428170
2600 1 149884092
2800 0 179259073
2700 0 162310217
2900 1 242065012
3000 1 258268542
3100 1 287496627
3200 0 345047978
3300 0 372149949
3400 1 440762584
3500 1 485704516
3700 1 549467770
3600 1 556627640
3800 1 598255380
3900 1 691535137
4000 1 749638434
4100 1 847670820
4200 1 972867973
4300 1 1019177030
4400 1 1213136976
4500 1 1282731514
4600 84 1268678925
4900 1 1886466451
4800 1 1570515404
4700 1 1547902920
5100 1 2139639447
5000 1 1903347731
5200 1 2323253518
5500 1 2803415681
5300 1 2488974588
5400 1 2615724212
5600 1 3057934445
5800 1 3812632038
5900 2 3960375473
5700 1 3114547430
6000 1 3970918955
6100 2 4451224660
6200 1 4698259943
6300 2 4752624881
6400 2 5599621070
6500 1 5423336136
6600 1 5877804409
6700 1 6347842087
6800 2 6984099704
6900 2 7102049911
100 0 1698
7000 2 7638605065
7100 2 8531666128
7200 2 8467031049
7300 2 9044236160
7500 2 9703136587
7400 1 9565514867
7600 2 10827329252
7800 2 11463621318
7700 2 11357094602
7900 2 12743649361
8000 1 12209428818
8100 2 12604224276
8200 2 14071213257
8300 2 14951100514
8400 1 15873021121
8500 2 16162914726
8600 2 18066328911
8700 1 18365669876
8800 2 19966102907
8900 2 20577531826
9000 2 21023018615
9100 2 21704053826
9700 2 28638029488
9200 2 22355487645
9800 3 29272211297
9300 2 23277654493
9900 2 30736442035
9400 2 25002637311
9500 2 26625841961
10000 2 30726556565
9600 2 26397634193
