200 0 4111
100 0 1869
400 0 76864
600 0 460192
500 0 166496
700 0 818153
300 1 27133
900 0 1999241
800 0 1110815
1000 0 2668723
1100 1 3948494
1200 1 6161848
1300 1 8080247
1400 0 12955857
1500 0 16540010
3200 1 333835375
3300 1 375925982
3400 0 424793693
3500 1 478207235
3600 1 540945967
3700 1 572173485
3800 1 672949681
3900 1 763393557
4000 1 800228271
4100 1 887541999
4200 1 1029878813
4300 1 1011885920
4400 1 1175750080
4500 1 1342135600
4600 83 1403406056
4700 1 1548513196
4800 1 1669195663
4900 1 1882745703
5000 1 2024887556
5100 1 2093935228
5200 1 2287588616
5300 1 2540628071
1600 0 19573049
1700 1 26726783
1800 0 33153693
1900 0 36761631
2000 0 57469135
2100 0 66450707
2200 1 77616061
2300 1 89881809
2400 1 120977651
2500 0 118452092
2600 1 147751047
2700 0 152096257
2800 1 200400690
2900 1 217502163
3000 0 256828037
3100 0 295370422
7000 1 7071161495
7100 2 8195960951
7200 2 8715979196
7300 1 9192805527
7400 2 9713290169
7500 2 10172313052
7600 1 10316050033
7700 2 10690487864
7800 2 11788184296
7900 2 12007977690
8000 2 12326320535
8100 1 13355270797
8200 2 15172486863
8300 2 14754818419
8400 1 15452667221
5400 1 2884118957
5500 1 2847171300
5600 2 3104228648
5700 1 3331279271
5800 1 3615951066
5900 2 4185905806
6000 1 3799772115
6100 2 4490093573
6200 2 4678775432
6300 2 5084748998
6400 1 5839570467
6500 1 5555106669
6600 2 6238145425
8500 1 16423833769
6700 2 6128411722
8600 2 17608254736
6900 1 6881010769
6800 1 6155175330
8700 2 18241344743
8800 2 19366520017
8900 3 18558994094
9000 2 21784201706
9100 2 20747305342
9200 2 22168485817
9300 2 24120511332
9400 2 24043177805
9500 2 26225426309
9600 2 26250332368
9700 3 28684009191
9800 2 27805078272
9900 2 31159295301
10000 2 31437683183
