100 0 1575
500 1 228369
300 0 42703
200 0 6186
400 0 73758
600 0 327223
700 0 664598
2400 1 105628093
2500 0 128789289
2600 0 134659361
2700 1 184842201
2800 1 166476151
2900 1 219720627
3000 1 250955491
3100 1 319022130
3200 1 320471410
3300 1 344731729
3400 0 431979451
3500 1 482906562
3600 0 435109655
3700 1 655578821
3800 1 670987188
3900 1 732750585
4000 0 784268111
4100 1 903953601
4200 1 1033166340
4300 1 1041777322
4400 1 1199224787
4500 1 1351230881
4600 85 1468190438
4700 1 1573531105
4800 1 1680212858
4900 1 1837508898
5000 1 1975899484
5100 1 2040637393
5400 1 2782619869
5200 2 2445035355
5500 2 2903170958
5300 1 2541717700
5600 2 2958441611
5700 1 3346549074
5800 2 3471928942
5900 1 3632893879
6000 1 4163575901
6100 1 4126226814
6200 1 4619602237
6300 1 4631792537
6400 2 5282487617
6500 2 5742045725
6600 1 5970948592
6700 1 6770137370
6800 1 6811454818
6900 2 7289952387
7000 2 7705464717
7100 1 8174112712
7200 2 8708289710
7300 2 8632031520
900 0 2532613
800 0 1253036
1000 0 3105432
1100 0 5215220
1300 0 8121384
1200 1 6903219
1400 0 11100330
7400 2 9866470159
1500 0 16839566
1600 0 20969018
1700 0 24593857
1800 0 34556027
1900 1 37184183
2000 0 55793705
2100 0 67125764
2200 1 81568494
2300 1 88236643
7500 2 10406723085
7600 2 10712998774
7700 1 10478704105
7800 2 11831783057
8000 2 13277862345
7900 2 12352514683
8100 2 13533699164
8200 2 15344181250
8300 2 14650503449
8400 2 15667534575
8500 1 16581704986
8600 2 18431813659
8700 2 18373086515
8800 1 19874834398
8900 2 19192002886
9000 2 21051536329
9100 2 21705588471
9200 2 23402898936
9300 2 24065717960
9400 2 23613934001
9500 2 25314588074
9600 3 26021492097
9700 2 27925913045
9800 2 30110294816
9900 2 29471425630
10000 2 32832818368
