900 1 1791084
1000 1 2778629
1100 0 4855596
1200 0 7279128
1400 1 12502286
1300 0 9861951
1600 0 20516626
1700 0 26104979
1500 0 16856210
1800 0 35643282
2000 0 48145394
1900 0 43841845
2100 1 59012854
2200 0 68040666
2300 0 94412889
2400 1 100866218
2500 1 113375298
2600 1 143577892
2700 1 165389217
2800 0 192316261
2900 1 224071219
3000 1 274907929
3100 1 290116804
3200 1 339456571
3300 1 382547567
3400 0 450414073
3500 1 504736894
3600 1 555972923
3700 1 611606482
3800 1 662634271
3900 1 735915592
4000 1 834728553
4100 1 944924754
4200 1 1058999407
4300 1 1066168122
4400 1 1195233695
4500 1 1236256904
4600 84 1358916857
4700 1 1634399726
4800 1 1800438686
4900 1 1888947394
5000 1 1923447698
5100 1 2214027800
5200 1 2314688905
5300 1 2457831394
5400 1 2674497937
5500 2 2901953820
5600 1 3131147198
5700 1 3362119490
5800 1 3318723457
5900 2 3878511319
6000 2 4264009332
300 0 33155
100 0 1479
200 0 4968
400 0 90440
500 0 179865
600 0 326281
700 0 750316
800 0 1304359
7600 1 10474028521
7700 2 10745377801
7800 2 12100087876
8000 2 12860136041
7900 2 12656182173
8100 2 13861882593
8200 2 14790464672
8400 2 15542605580
8300 1 14288106347
8500 2 16925284840
8600 2 17585472369
8700 2 19263189175
8800 2 19166398816
8900 2 19895065894
6100 2 4304058813
6200 2 4751846161
9000 2 20794312869
6300 2 5210099308
6400 2 5343677989
9100 3 22476779279
6500 2 5232344658
6600 1 6218958199
9300 2 23312014607
6700 1 6395105419
9200 2 23887114539
6800 1 6670874262
9400 2 25438597015
6900 2 7165512785
7000 2 7142863615
9800 2 29617819382
9500 2 25877845238
7100 1 7998688522
9900 2 28934141366
7200 1 8342915238
9600 2 27655528271
10000 2 31356732956
7400 2 9756080275
9700 2 27029397529
7300 1 9358727602
7500 2 10006301563
