700 0 740707
800 0 1511389
900 0 2087080
1000 0 3173598
100 0 1432
500 1 161584
600 1 500058
300 0 30988
200 0 11288
1200 0 7304562
1100 0 4706954
1700 0 29942920
1300 0 8470460
400 0 85813
1800 1 33665936
1400 0 11987303
1500 1 19344690
2000 1 45470578
1600 1 18026826
2400 1 103371258
2300 0 79333072
2500 0 107446677
2100 0 56195131
1900 0 44294559
2200 1 75568861
2600 1 141868757
2900 0 230916503
3100 1 288077294
2700 1 184772984
3200 1 337823288
2800 0 182379886
3000 0 271054624
3400 1 418910148
3300 1 374723155
3700 1 621543003
3600 0 545124890
3500 1 478540649
3800 1 628921134
4000 1 803817731
3900 1 773847847
4300 1 1120482708
4100 1 917429882
4400 1 1179098764
4200 1 1006561736
4500 1 1224871144
4600 85 1375597767
4700 1 1531206161
4800 1 1722403450
4900 1 1861958451
5000 1 1916007552
5100 1 2010079602
5200 1 2173329893
5300 2 2441316513
5400 2 2554715436
5600 1 2857459265
5500 1 2989529228
5700 2 3306438483
5800 1 3442473152
5900 2 3890344281
6000 1 3832701964
7700 2 11136753528
7800 2 12241640837
7900 2 12298843272
8000 2 13638314735
8200 2 14923704693
8100 1 14130240070
8300 1 13639161388
8400 2 16203711794
8500 2 16556675015
8600 2 17879553633
8700 2 19529880111
8800 2 17934805142
6100 1 4587837143
6200 1 4618090926
9000 2 19459293558
8900 2 19598323758
6300 1 5093521844
6400 2 5109177592
9100 2 20226952428
6500 1 5660897810
6600 2 6248212312
6700 1 6558342005
6800 2 6905940065
9200 2 21736486681
6900 2 7190499795
7000 2 7385068177
9300 2 24112768807
7100 2 7773972794
9400 2 24965715837
7200 1 8951747750
7300 1 9345703941
9500 2 24591323960
9600 2 28825402626
10000 2 31881615871
7400 2 9579303368
7500 2 10416296505
9700 2 27809063921
7600 2 10703280777
9800 2 28765677448
9900 2 30718913090
