200 0 6051
300 0 32038
400 0 60961
100 0 1129
500 0 261819
2200 0 78835333
2300 0 92972924
2400 1 106517323
2500 1 114972449
2600 1 146045051
2700 1 187803989
2800 0 209335869
2900 1 182733935
3000 1 256415190
3300 1 382817816
3100 1 259738223
3400 1 438377345
3200 1 341030844
3500 1 448382231
3600 1 523201004
3700 1 662374611
3800 1 677518202
3900 1 797202871
4000 0 745869640
4100 0 890572332
4200 1 1011992110
4300 1 1145036671
4400 1 1193719947
4500 0 1227853109
4600 85 1341567713
4700 1 1356979662
4800 1 1592458668
600 0 358672
700 1 796667
800 0 1305177
900 1 1811831
1000 0 2890771
1100 0 3672066
1200 1 7962247
1300 1 9965855
1400 0 10143212
1500 1 15352043
1600 1 21520292
1700 0 25675454
1800 1 29355434
1900 0 39979364
2000 1 49792270
2100 0 66338289
8100 1 13408223065
8200 1 14625604253
4900 1 1852534931
8300 2 14359135503
5000 1 2081561389
5100 2 2232117345
5200 1 2163584902
8400 2 16283446919
5300 1 2389279664
5400 1 2647087623
8500 2 16356352370
5500 1 2775856517
5600 1 2967499923
8600 2 17835385683
5700 1 3386423721
8700 1 19155091070
5800 2 3727237708
6500 3 5586346059
8800 2 18104984673
5900 2 3939094612
6600 2 5651405838
6000 2 4214536393
6100 2 4127918296
8900 2 20795382700
6700 3 6682993473
6400 1 5164122730
9000 2 20511340453
6200 1 4666270295
6300 1 5006780911
6800 2 6358748813
9100 2 20655176670
7300 3 9370957734
6900 3 7450314126
9300 2 23834069727
7400 3 9701434421
7000 3 7540505646
9200 2 23092269451
9400 2 23874172758
7100 2 7986104043
7500 3 10507550062
9500 2 26400316744
7200 3 8994685658
7600 2 10196395277
9600 2 27503025626
7700 3 11046798048
7800 2 11297630981
7900 3 12063310999
8000 3 13337026484
9700 2 26952387734
9800 2 28215311343
9900 3 31154834159
10000 2 31642904529
