1300 0 8723524
1400 0 13958241
1500 0 15921052
1600 0 19114012
1700 0 22837193
1800 0 35997043
1900 0 44551593
2000 1 49607711
2100 1 65436987
2200 0 65678261
2300 0 89006396
2400 0 101562251
2500 1 122928775
2600 1 149032263
2700 1 159725638
2800 1 207553445
100 1 2482
200 0 8829
300 1 23955
400 0 98992
500 0 281383
600 1 473963
700 0 613161
800 0 1243232
900 1 1999859
1000 1 3117504
1100 1 4390026
1200 1 6515209
4500 1 1287123339
4600 84 1384690697
4700 1 1527831224
4800 1 1676041336
4900 1 1775112751
5000 2 1967033132
5100 1 2150842029
5200 1 2351126015
5300 1 2475067693
5400 2 2725933566
5500 1 2874888754
5600 1 2997600318
5700 1 3497215131
5800 1 3462358407
5900 2 3988837719
6000 1 3875918499
6100 2 4293177255
6200 1 4578966587
6300 1 5185881704
6400 1 5282385266
6500 2 5553726729
6600 2 5930845114
6700 1 6571354150
6800 2 6822561958
6900 2 6830903058
7000 2 7217749356
7100 2 7948105924
7200 1 8601598130
7300 1 9696347195
7400 2 9234581286
7500 2 10155301728
2900 1 229279734
3000 0 261385230
7600 1 9928446028
3100 1 313944300
7700 2 11020570031
3200 0 323628170
3300 1 386096299
3400 1 382755394
3500 0 453596907
3600 1 521507345
3700 1 587253215
7800 2 11446064242
3800 1 668556294
7900 1 12338414072
3900 1 733647887
4000 1 835640231
4100 0 894190680
4200 1 1006349116
8000 2 13644074725
4300 1 1051696240
8100 2 13820589395
4400 1 1167968342
8200 2 14279233301
8300 2 14796761699
8400 2 15732372298
8500 2 16569820337
8600 2 16512003625
8700 2 18346069790
8800 2 18844080378
8900 3 19914072296
9000 2 20172113144
9100 2 21412331126
9200 2 23002544861
9300 2 22994361707
9400 2 24805412616
9500 3 25735016885
9600 3 27470924559
9700 2 28511849133
9800 2 28825789971
9900 2 29432743380
10000 2 31211425740
