1600 0 20601057
1700 0 25384458
1800 1 36421535
1900 1 46019457
2000 1 44969113
2100 0 53337632
2200 1 79327257
2300 1 89561513
2400 1 105690172
2500 1 117363696
2600 1 144318917
2700 1 167781491
2800 1 191683936
2900 0 224038949
3000 1 257303751
3100 1 308272886
3200 1 327088463
3300 1 337105206
3400 1 436323478
3500 1 463453647
3600 1 537879973
3700 1 609320624
3800 0 658756608
3900 0 726336870
4000 1 807241958
4100 0 856064059
4200 1 1047813919
4300 1 1162455817
4400 1 1119655075
4500 1 1288484067
4600 88 1314744287
100 1 1314
200 1 7580
300 0 18491
400 0 92554
500 0 230012
600 0 414784
800 0 1273682
700 0 789635
900 1 2197695
1000 0 3070503
1100 0 3826265
1200 0 4850345
1300 0 7882863
1400 0 12531600
1500 0 18064246
6300 1 4677079462
6400 1 5300030907
6500 2 6266411801
6600 2 5907328426
6700 2 6017714669
6800 1 6705371263
6900 1 6560972358
7000 2 7645456119
7100 2 7876681747
7200 2 8491702509
7300 1 8544830219
7400 2 9770588461
7600 2 10860253741
7500 2 10172141010
7700 1 11197358181
7800 2 11830050093
4700 1 1628942404
4800 1 1759874427
4900 1 1741802530
5000 2 1966550979
5100 1 2117435952
5200 2 2410859741
5300 1 2447552375
5400 2 2717540785
5500 2 2917670360
5600 1 2947095962
5700 2 3477300821
5800 1 3508264617
5900 2 3981049491
6000 1 4105133055
6200 1 4716288511
6100 2 4592939426
9500 2 24956462309
9600 2 25724570764
9700 2 28687036483
9800 2 28140725515
9900 3 30569210642
10000 2 31377487946
7900 1 12098234821
8000 1 13190056842
8100 2 12999401598
8200 2 14809416741
8300 1 14253790482
8400 2 15564853840
8500 2 16116107500
8600 2 17366883039
8700 2 17697508924
8800 2 18759070933
8900 2 20293555606
9000 2 20757688443
9100 2 20664491838
9200 1 22612737205
9400 2 24421446461
9300 2 23070029841
