300 1 28595
500 0 211818
800 0 1388137
1000 0 3833020
100 0 1799
400 0 97441
1200 0 6020464
700 0 740958
200 0 12432
600 0 405418
900 0 2152894
1100 0 4011518
1500 1 15966032
1300 0 8473396
1400 1 13572931
2000 0 47714419
1600 0 21379822
2200 1 74521929
2300 1 91883542
1700 0 23039418
1800 0 32426360
1900 0 45302083
2100 1 60029308
2400 0 97811664
2700 1 168996341
2900 1 226137623
2500 0 131130319
2800 1 204726319
2600 1 137946784
3100 1 294591267
3000 0 259737118
3200 1 324042821
3400 0 460569922
3300 0 375925407
3600 1 538778843
3500 1 490007702
3700 1 594863710
3800 1 681980478
3900 1 723720285
4100 1 893950142
4000 1 801085752
4200 1 1011576444
4300 1 1042607004
4400 1 1197759725
4500 1 1272714700
4600 87 1316191899
4700 1 1480280259
4800 1 1613446899
4900 1 1923797072
5000 1 2096324326
5200 1 2167141770
5300 2 2441607318
5500 1 2916117856
5600 1 3383150563
5700 1 3420633568
5900 1 3782959363
6000 1 3955906349
6100 1 4343337350
6200 1 4902381758
6300 2 4940025693
6400 2 5378089706
6500 2 5501642652
6600 1 5802667877
6700 1 6356473397
6800 1 6407306883
6900 2 7196419034
7000 2 7680143495
7100 2 8123712207
7200 1 8441153452
7300 2 9065902545
7400 2 9808260223
7500 1 9380255260
7600 2 10525498945
7700 2 11054029740
7800 2 12086676277
7900 2 12575455565
8000 2 13379075890
8100 2 13182656570
8200 1 13823477766
8300 2 15204978223
8400 1 15844265916
8500 2 16206105380
8600 2 17245778479
8700 2 18482286054
8900 2 20053102596
9100 2 20867768216
9200 2 22913162784
9400 2 24437913813
9600 2 26543142577
9800 2 29161310480
9900 3 30688573648
10000 2 30378241161
100 0 1799
200 0 12432
5100 1 2131909747
5400 1 2729386057
5800 2 3496249211
9000 2 20699190207
9300 2 23539505697
9500 2 25262808638
