1500 0 12927597
1600 0 19997657
1700 1 24932262
1800 1 32531875
1900 0 38467543
2000 0 54347368
2100 0 63229543
2200 1 76161678
2300 1 83851849
2400 1 108852247
2500 1 113171700
2600 1 140294477
2700 0 153296971
2800 1 182168163
2900 1 223337689
3000 1 265248602
3100 1 273499305
3200 1 320754613
3300 1 369606529
3400 1 406005790
3500 0 493623618
3600 1 497017516
3700 1 671293922
3800 1 652490495
3900 1 642474207
4000 1 896298213
4100 1 910946928
4200 1 910793883
4300 1 1066581244
4400 1 1059822639
4500 1 1351690800
4600 85 1422341430
4700 1 1425600403
4800 1 1654243560
4900 1 1816784786
5000 1 1956202274
5100 2 2102446257
5200 1 2151919459
5300 1 2402369142
5400 1 2722271575
5500 1 3056690296
5600 1 3058013508
5700 2 3383935823
5800 1 3527425887
5900 1 3655659184
6000 1 4206758866
6100 1 4679525281
6200 2 4139880923
6300 1 5336010809
6400 1 5261483003
6500 1 5501336519
6600 1 6125139889
6700 2 6368624110
6800 1 6969413265
6900 1 7356642262
7000 2 7408607593
100 0 1241
7100 2 7546972001
300 0 26878
200 0 8304
400 0 61287
7200 1 8424131588
500 0 180489
600 0 454985
700 0 748302
800 0 1513407
900 0 1976175
1000 0 2923399
1100 0 4371112
1200 0 6691384
1300 0 9431732
1400 0 12065282
7300 1 8678263804
7400 2 9947257375
7500 2 10323423180
7600 2 10475613627
7700 2 11220485021
7800 2 11229083686
7900 2 11374255335
8000 2 12615698754
9700 2 27936046172
9800 3 30270033411
9900 3 30293987411
10000 2 31580810988
8100 2 13711076711
8200 2 14856976006
8300 2 14504507923
8400 2 15820511241
8500 2 16054124844
8600 2 17648138316
8700 2 17785832903
8800 2 20484078442
8900 2 19167628034
9000 2 21026963441
9100 2 20816783254
9200 3 22744193571
9300 2 23782659798
9400 2 24725187926
9500 2 25471211799
9600 2 26152113800
