800 1 1438181
900 0 2343147
1000 1 3361828
1100 1 4492311
1200 1 6830921
2300 0 87242234
2200 0 68558282
1600 0 20353914
2800 1 201487615
1400 0 13177144
1300 0 8575881
1500 0 14075165
1800 0 35516953
1700 1 27448831
2000 0 47099412
1900 0 44405841
2100 0 61912474
3400 1 439124473
2400 1 112338431
2500 1 116687432
2600 0 139955876
2700 1 157176198
3800 1 652530823
2900 1 206593425
3000 1 243514662
3500 1 421645429
3100 0 311390941
3200 1 352879877
3300 0 371206574
3900 1 721985422
3600 0 553283661
3700 1 573783297
4000 0 773363227
4100 1 897560723
4200 1 1009735484
4300 1 1156068021
4600 85 1382063415
4400 1 1231651247
4500 1 1322493850
4900 1 1711856076
4700 1 1701269464
4800 2 1597631187
5000 1 2034484630
5100 1 2235839536
5200 1 2271889666
5500 1 2904399333
5300 1 2426199071
5400 2 2715714510
5600 1 2877350228
5700 1 3208968128
5800 1 3463601166
5900 1 3995674375
6000 1 4040696089
6100 1 4059751734
6200 2 4946249643
6300 2 4633156954
6400 2 5236404477
6500 1 5734291449
6600 1 5837980134
6700 2 6208124477
6800 1 6706775365
6900 2 7119577343
7000 2 7524827510
7100 2 8119242153
7200 1 8150674720
200 0 7824
7300 1 9175931211
100 0 1634
300 0 35689
400 0 80197
600 1 417811
500 0 242933
700 0 623502
7400 2 8199421504
7500 2 9476811672
7600 1 9608756767
7700 2 11717670692
7800 1 11611979757
7900 1 12670947242
8000 1 12561474915
8100 2 13451921207
8200 2 15029232901
8300 2 15075613153
8400 2 15641386558
8500 2 16461720532
8600 2 17197194434
8700 2 17912101108
8800 2 18939675715
8900 1 19216703134
9000 2 21168047732
9100 2 21580372905
9200 2 23029043152
9300 2 23881827245
9400 2 25871942157
9800 2 31638026883
9500 2 25659144192
9600 2 26741062251
9900 2 30097892458
9700 2 27072422600
10000 2 31846187379
