400 0 128112
100 0 1405
300 0 40600
200 0 8745
2100 0 61746075
2200 0 74487127
2300 1 91359921
2400 1 112744902
2500 0 121893705
2600 1 134160286
2800 1 190621491
2700 1 172757415
2900 0 228004836
3000 0 256231836
3100 1 276375167
3200 1 323872987
3300 1 371293692
3400 1 404588067
500 0 159772
700 0 980902
600 0 435392
800 0 1500167
900 0 1773035
1000 1 3906329
1200 0 5672205
1100 1 4068412
1300 0 9908355
1400 0 13849961
1500 0 17736874
1600 0 18569436
1700 0 22391180
1800 1 36492366
1900 1 43596745
2000 0 46544687
5100 1 2049021184
5200 1 2359851610
5300 1 2452465371
5400 1 2760326684
5500 2 2934498433
5600 1 3006835283
5700 1 3122435760
5800 1 3594382477
5900 1 3997960256
6000 1 4058151152
6100 1 4667288871
6200 1 4674054736
6300 1 5084690081
6400 2 5541475067
6500 2 5900621205
6600 1 5900354891
6700 1 6328194586
6800 2 6609326313
6900 2 7022294562
7000 2 7927669332
7100 2 8102314977
7200 1 8748314114
7300 1 9170600262
7400 2 9721553846
7500 2 9838446490
7600 2 11139506773
7700 2 10784009192
3500 0 487390230
3600 1 541141347
7800 2 12381061493
3700 1 571514361
3800 1 672618922
3900 1 581409848
4000 1 782676515
7900 1 12579679149
4100 1 864871130
4200 1 934678133
8000 2 12864380102
4300 0 1025782271
4400 1 1158384838
4500 1 1259116439
8100 1 13785453146
4600 85 1600912308
8200 1 14419072322
4700 1 1430580905
5000 1 1975969898
4800 1 1716266735
4900 1 1749035076
9900 3 31912434836
10000 2 30932138814
8300 2 15415252357
8400 2 15188286983
8500 2 15690461337
8600 2 17188080867
8700 2 18203763768
8800 2 18821709695
8900 2 20382936357
9000 2 21543455011
9100 2 19788477299
9200 2 23943022618
9300 2 23609150542
9400 2 24594601513
9500 3 26792197197
9600 2 26402229771
9700 2 29322828541
9800 2 28283650726
