200 0 7284
100 0 1920
600 0 371505
300 1 41605
400 0 86342
1100 0 5784046
500 0 197258
700 0 661868
1200 0 5568523
800 0 1117995
900 0 2510554
1000 0 3186761
1300 1 9066000
1400 0 10405059
1500 1 15204023
1600 0 19351584
1700 1 24700183
1800 0 30229912
1900 1 41713133
2000 0 45924975
2100 1 60802043
2200 1 67138517
2300 0 91826302
2400 0 106369230
2500 0 116358916
2600 0 139931033
2700 1 157007573
2800 0 195153548
4500 1 1294781028
4800 1 1679472965
4600 83 1346873461
4700 1 1616719656
4900 1 1946151640
5000 1 2050572441
5100 1 2202203809
5200 1 2181797939
5300 1 2559658140
5400 1 2857617297
5500 1 2780143051
5600 1 3126689510
5700 1 3314907299
5900 1 3833744011
5800 1 3510917584
6000 1 4053520188
6100 1 4452038315
6200 1 4737051858
6300 1 4891742936
6400 1 5127103967
6500 1 5762263358
6600 2 5855737685
6700 2 6027153655
6800 1 6610181108
6900 2 7290011746
7000 1 7289580417
7100 2 8485133160
7200 2 9026606513
7300 1 8581268857
7400 2 9365264808
2900 1 209690340
3000 0 236771659
3100 1 292717312
7500 1 10024103346
3200 1 362261420
3300 1 353263536
3400 1 417138102
7600 1 10907518943
3500 1 484250408
3600 1 552007881
3700 1 597614335
7700 2 11315051501
3800 1 639635518
3900 1 763116700
4000 1 793146446
4100 1 971029721
4200 1 1040170033
7800 2 12025115728
7900 2 11462585582
4300 1 899693481
4400 1 1204401408
8000 2 13442128366
8100 2 13999206711
8200 2 14007314314
8300 1 14761541769
8400 2 15920466767
8500 2 16354338764
8600 2 17030086257
8700 2 17265664982
8800 2 19517067990
8900 2 19338801158
9000 2 20924623608
9100 2 22445165301
9300 2 23435820056
9200 3 23968865852
9400 2 24220950822
9500 2 25203287028
9600 2 24702948182
9700 2 30054374977
9800 2 29726107200
9900 3 30784871355
10000 2 32727982694
