500 0 226313
300 0 20493
400 0 101016
100 0 2383
200 0 10031
900 1 1869765
1000 1 3805217
1100 0 4049616
1500 0 16753684
700 0 701580
600 0 381717
1900 1 39817127
800 0 1319611
2200 0 73652207
2300 0 95575768
2000 1 52745526
1400 1 11879386
1200 1 5263979
2500 0 111270807
2400 0 103519463
1600 0 17190115
1700 1 26702502
1800 1 37480917
1300 1 7951792
2600 0 131977531
2700 0 188645481
2800 1 198041103
2900 1 233352899
2100 0 59004810
3000 1 253270673
3100 1 273488466
3200 1 330447909
3300 1 379481419
3400 1 434463818
3500 1 503345596
3600 1 586648876
3700 1 604059462
3900 1 740022910
4000 1 778004387
3800 1 639034882
4100 0 846968025
4200 1 878170250
4300 1 1140363761
4500 1 1361118656
4400 1 1246317191
4700 1 1595949775
4800 1 1750268260
4600 90 1447860962
4900 1 1832284211
5000 1 1819368294
5100 1 2183601746
5200 1 2224452208
6800 1 6737829821
6900 2 7082018497
7000 2 7673897276
7100 1 8494834242
7200 1 8149188366
7300 1 8623436084
7400 2 9609231823
7500 2 9397870018
7600 1 10056894868
7800 1 11237120299
7700 2 11337515429
8000 2 12828613174
7900 2 12596551985
8100 2 12383218629
8200 2 13440600939
8300 2 14887710821
5300 2 2429859631
8500 2 17517177670
5400 1 2585483709
8400 2 15875110129
5500 1 2659537073
8600 2 17624198658
5600 1 2978164205
5700 1 3387453750
5800 1 3657962784
5900 2 3952843572
8800 2 20263941665
8700 2 18458827181
6000 1 4104414923
6100 2 4242247864
6200 1 4872744111
9000 2 20511306209
6300 2 5035502802
8900 2 20092423312
6400 2 5092388667
6500 1 5508275218
6600 2 5995776628
9100 2 23474124875
6700 1 6370020282
9200 2 23125115761
9300 2 22838774924
9900 2 30177952827
9400 2 25315138712
9500 3 25883941189
9600 2 28431018659
10000 2 31696744069
9700 2 28697300494
9800 2 29280459557
