100 0 1377
200 0 7642
300 0 19073
400 0 84651
500 0 169617
600 0 283481
700 0 864732
800 1 1138251
900 0 2469379
1000 0 3541331
1100 1 4161855
1200 0 6386336
1300 0 7915923
1400 0 13191844
1500 1 14367644
1600 0 17674855
3300 1 382758803
1700 0 27257949
1800 1 33198192
3400 1 440479373
3500 1 458664940
1900 1 42322185
2000 0 50488635
2100 0 63852917
3600 0 520957525
2200 0 64593022
2300 1 86196438
2400 0 98074209
3700 1 592726734
3800 1 615441773
2500 1 118638539
2600 0 144384494
3900 0 694618256
2700 1 183381709
2800 1 193633339
4000 1 786233474
2900 1 224951730
3000 1 271170957
4100 1 853445962
3100 1 266802650
4200 1 1001241116
3200 0 361080772
4300 1 1021328054
4400 1 1213785814
4500 1 1353756229
4600 93 1477898694
4700 1 1563869841
4800 1 1666379605
4900 1 1741036246
5000 1 1928129632
5100 1 2225869329
5200 1 2433823720
5300 1 2511727327
5400 2 2951307055
5500 1 2820827911
5600 1 2999445945
5700 1 3389757934
5800 1 3783370882
5900 2 3991996568
6000 1 4229743300
6100 1 4369452113
6200 1 4808860678
6300 2 5098783876
6400 2 5439572384
6500 1 5598912259
6600 1 5852040213
6700 1 6350891672
6800 2 6716596396
6900 1 6801439060
7000 2 7481671989
7100 2 7982122740
7200 2 8802114135
7300 1 8815167666
7400 2 9596154299
7500 2 10214490509
7600 2 11069260202
7700 2 11189046524
7800 2 11853794913
7900 2 11481888605
8000 2 12528419147
8100 1 13516992162
8200 2 13621577698
8300 1 14189841200
8400 2 15861188442
8500 2 17010105170
8600 2 17255091244
8700 2 17495493460
8800 2 19440139945
8900 2 19904826830
9000 2 19888128708
9100 2 23403039956
9200 2 22134317239
9300 2 23730499977
9400 2 23784500401
9500 2 26961081364
9600 2 25987580523
9700 2 29283710378
9800 2 28679986403
9900 2 29035084165
10000 3 30767456781
