100 0 2760
600 1 452309
300 0 31448
400 0 98820
800 0 1381752
1000 0 2976424
1100 0 4232078
200 0 7854
900 1 2302761
1200 0 6006126
1300 0 7886983
700 0 1067482
500 0 177181
1500 0 19206046
1400 0 10648744
1600 1 20425277
1800 1 34377259
1700 1 26822128
2000 1 50551505
1900 1 42157683
2100 0 58133252
2200 1 79105783
2300 0 87798076
2400 0 113968534
2500 1 128141544
2600 0 129064906
2700 1 168808992
2800 1 185596801
2900 1 259416716
3000 1 243621654
3100 1 290828672
3200 1 320310437
3300 1 369467435
3400 0 424447442
3500 1 491934581
3700 1 600988932
3800 1 691369722
3600 1 543119586
3900 1 748380871
4000 1 781057516
4100 1 872761149
4200 1 1046704032
4300 1 1040074734
4400 1 1123684977
4500 1 1317101410
4600 89 1350621953
4700 1 1682033213
4800 1 1593148643
4900 1 1816814178
5000 1 1905324793
5100 1 2275298790
5200 1 2237790569
5300 1 2289606337
5400 2 2658685981
5500 1 2794645320
5600 1 3230111393
7300 1 8540758131
7400 2 9232050316
7500 2 10173484698
7600 1 10280789736
7700 2 11204698949
8000 2 12768850938
7800 1 11717665258
8100 2 13282179652
7900 1 12309379599
8200 2 13765668053
8300 2 13623659758
8400 2 15649697975
8500 2 16698123908
8600 2 17839790363
5700 2 3590174485
5800 1 3661736814
8700 2 18631771780
5900 1 3705086735
8800 2 19638290853
6000 1 4163225045
8900 2 20311846755
6100 1 4485471313
6200 1 4485722594
9000 2 20474519956
6300 2 5347395879
6400 2 5324724953
6500 2 5657175837
6600 2 5630005004
9200 2 23330189263
9100 2 20777134765
6700 1 6501232456
6800 1 6460557222
9300 2 23018297655
9400 3 24399818061
6900 2 6849635297
7000 2 8037640758
7100 2 8094297804
9500 2 26297830530
7200 2 8385553068
9600 2 26986163139
9700 3 28739509551
9800 2 29377664973
9900 2 30762293851
10000 2 30625839338
