100 0 919
200 0 7364
1900 0 40705941
2000 1 49992749
2100 1 59412904
2200 0 60854467
2300 0 91853493
2400 1 108361919
2500 1 132065415
2600 0 142569145
2700 1 165239567
2800 0 197455565
3000 1 245147033
2900 0 225759329
3100 1 309032759
3200 0 304041561
3300 1 413456323
3400 1 393980962
3500 1 443730572
3600 1 531777463
3700 1 569562108
3800 1 638159873
3900 1 685939673
4000 1 840381546
4100 1 863806175
4200 1 1027763290
4300 1 1038970059
4400 1 1279462789
4600 86 1349923628
4500 1 1353907129
4700 1 1557902159
4800 2 1811722460
4900 1 1904039939
5000 2 1932462832
5100 2 2112780431
5200 2 2295663799
5300 1 2281066815
5400 1 2680312182
5500 1 2867370409
5600 1 3057558211
5700 1 3300939421
5800 1 3337216749
5900 2 4109569246
6000 1 4162046592
6100 1 4279613156
6200 2 4869242011
6300 1 5131146766
6400 2 4900131038
6500 1 5606735658
6600 1 6120349090
6700 2 6459566701
6800 2 6723329966
6900 1 7025494559
300 0 20967
400 0 71932
600 1 410421
7000 1 7836191038
800 0 1356528
500 0 201972
700 0 759263
1000 0 2512328
7100 1 8210165025
900 0 1948816
1300 0 8955342
1200 1 6936099
1500 1 14537399
1100 0 4615396
1400 1 12550818
1800 1 36609373
1600 1 21205567
1700 0 23941089
7200 2 8207298344
7300 2 9282843915
7400 2 9370882380
7500 1 10105183596
7600 2 11028173731
7700 2 11862910107
7800 1 11563172990
7900 2 12490019545
8000 2 12794155507
8100 1 13362744215
8200 1 14660691627
8300 2 15078921330
8400 1 15348888015
8500 1 16348461852
8600 1 16877285055
8700 2 17854624436
8800 2 20411977435
9000 2 21808659982
8900 2 19942667516
9100 2 22929731846
9200 2 23099677450
9300 2 22741130081
9400 2 25608779810
9500 2 27240879070
9600 2 25799855383
9700 2 27380908151
9900 3 30308482865
9800 2 27988559749
10000 2 31062382282
