400 1 68306
300 0 20538
900 1 2366388
1200 1 6684112
1600 1 19164637
200 0 8941
100 0 1342
600 0 491356
500 1 187234
800 1 1444251
700 1 820445
1000 1 2824472
1100 0 4137929
1300 0 7144147
1400 0 10813066
1500 0 15150338
2600 1 138965782
1800 0 26939628
1700 0 27756490
1900 0 42171928
2800 0 172843240
2000 1 57747860
2100 0 71194847
2200 1 73860253
2300 0 91038708
2400 1 108723969
2500 0 116273923
2700 1 164717824
2900 1 261396004
3000 1 238250366
3100 1 293796470
3200 0 323730065
3300 1 382431704
3400 1 428894885
3600 1 518216474
3500 1 493644018
4000 1 740253608
4200 1 1045636275
3700 1 626656863
3800 1 645151803
3900 1 750277831
4100 1 880644904
4400 1 1173343277
4300 1 959078796
4500 1 1361006322
4600 84 1445567144
4700 1 1617876072
4800 2 1789673820
4900 1 1971741099
5000 1 2059032707
5100 1 2143840409
5400 1 2788535768
5200 1 2321385658
5300 2 2419929618
5500 1 2956005524
5600 2 3120908423
5700 1 3396043684
5800 2 3359637872
5900 2 3934493169
6000 2 4191979252
6100 2 4615478285
6200 2 4836224261
6300 2 4979616086
6400 1 5343138822
6500 1 5296265104
6600 1 5636584634
6800 2 6773292955
6700 1 6564720527
6900 1 7202586696
7000 2 7762203756
7100 1 7914815026
7200 1 8688983949
7300 2 9146240601
7400 2 9287437869
7500 1 10054449788
7600 2 10392938199
7800 2 12304887347
7700 2 11928723215
7900 2 12550928164
8000 1 12260575949
9700 2 29859787008
9800 3 29141296244
9900 3 30587637262
10000 3 30581232018
8100 3 13453584037
8300 3 15345441477
8200 3 14740905475
8400 3 16290871032
8900 3 19429141296
8500 4 15873919482
8600 3 18042927443
9000 3 20815151147
9100 3 22281478464
8700 3 18000641287
9200 4 23484853982
8800 4 17706441277
9300 4 23120873713
9400 3 23675428571
9500 3 26190689327
9600 3 26612816492
