100 0 1595
200 1 8109
300 0 31993
400 0 80119
500 0 147594
600 0 512299
700 0 790540
800 1 1291153
900 0 2136637
1000 0 3714570
1100 1 4474611
1200 0 6276376
1300 0 8778336
1400 1 12559245
3100 1 270227798
3200 1 349457937
3300 1 391026171
3400 1 430028443
3500 1 465449867
3600 1 491893501
3700 1 610657153
3800 1 629669881
3900 1 715546275
4000 1 877236056
4100 1 896807858
4200 1 993433666
4300 1 1039878810
4400 1 1146095593
1500 1 18952630
1600 0 15729212
1700 1 23199866
1800 0 31361533
1900 0 45772788
2000 0 47297974
2100 1 62780316
2200 1 79069355
2300 1 99288129
2400 0 104658251
2500 1 113981993
2600 1 125392929
2700 1 187197554
2800 1 205692351
2900 0 228293571
3000 1 276178912
6100 2 4449304306
6200 1 4220041984
6300 1 4780675561
6400 2 5420531803
6500 2 6094201101
6600 1 5987731949
6700 1 6767029469
6800 2 6741961719
6900 1 7298060384
7000 2 7717646236
7100 1 7790010699
7200 1 8513102685
7300 2 8030588289
7400 2 8927397134
7500 2 10377553373
7600 1 11120456203
7700 1 11152152658
7800 2 11321632338
7900 2 12474306494
8000 2 13307981150
8100 2 13438968708
4500 1 1337199855
4600 84 1368037048
4700 1 1629345026
4800 1 1573640737
4900 1 1799393067
5000 1 1885273040
5100 1 1972621748
5200 1 2224846805
5300 1 2669085790
5400 2 2760688698
5500 1 2740078972
5600 1 3114034551
5700 1 3380385401
5800 2 3803002687
6000 2 4084040302
5900 2 3440494143
9900 2 30439188437
9800 2 30146874686
8200 2 14281620690
8300 2 14212633466
8400 2 15907395465
8500 1 16122489866
8600 2 18317608027
8700 1 18085720372
8800 1 18408835026
8900 2 19421373255
9000 2 20575513328
9100 2 21441083873
9200 2 22603117435
9300 2 23708716458
9700 2 28106090308
9400 3 24529001341
9500 2 26611390267
9600 2 25623057547
10000 2 30974654587
