400 0 82767
800 0 1365730
900 0 2132618
1000 0 3445063
700 0 943647
1600 0 21454767
500 0 186865
600 1 490653
1800 0 31745119
1200 0 5374576
1100 0 4844105
1300 0 8720395
1400 0 11903105
1500 0 16099278
1700 0 27667618
2300 1 80544079
2400 0 100043906
1900 0 39229983
2000 1 54635754
2500 1 111372048
2200 0 76570141
2600 1 146752518
2100 1 65271456
2700 1 172637092
2800 1 186847314
2900 1 216095991
3000 1 253381986
3100 0 274058458
3200 1 318087988
3500 1 475058036
3300 0 374231050
3400 1 394543964
3700 1 574634352
3600 0 477130619
3800 1 667809682
3900 1 705034328
4000 1 822044209
4100 1 900292226
4200 0 975831743
4300 1 1046168980
4400 1 1235062139
4500 1 1317303302
4600 84 1377869048
4700 2 1570138538
4800 2 1681424215
200 0 7649
100 0 1071
300 0 28138
6500 1 5983912871
6700 2 6151413344
6600 2 5964444633
6800 1 6918299250
6900 2 7372610586
7000 2 7376336876
7100 2 7885605883
7200 1 8370662803
7300 1 9302586767
7400 1 9100858950
7500 2 10098363186
7600 1 10233551769
7700 2 10639189253
7800 1 11188966794
7900 1 12041210174
8000 2 13340196098
8100 2 13478534166
8200 1 13201198489
4900 1 1845998742
5000 1 1808619260
5100 2 2181349563
8300 2 14924231734
8400 2 14895486413
5200 1 2262839798
5300 1 2615259998
5400 1 2754437370
5500 1 2820604962
8500 2 16289874071
5600 2 2872528046
5700 2 3352221182
5800 1 3632465509
8600 3 18911789892
8700 2 17326313128
5900 2 3913053034
6000 2 4392066035
8800 2 17857578429
6100 1 4284690767
6200 1 4781351257
8900 2 20389767897
6300 1 5233022309
9000 2 19525169161
6400 1 5268128012
9100 2 21314788280
9200 2 23572291036
9300 2 23288266123
9400 2 24747920859
9600 2 26806478065
9500 2 25261002926
9700 2 28328977785
9800 2 28282815680
9900 3 30767972784
10000 2 29996991590
