1300 0 8543836
1400 0 11930989
1500 0 14979096
1600 0 22031057
1700 0 24920668
1800 0 30702472
1900 1 41588797
2000 0 48328953
2100 0 56596365
2200 0 64146992
2300 1 90518946
2400 1 114262980
2500 0 116901208
2600 1 147893618
2700 1 173721721
2800 1 192694288
2900 1 234760598
3000 1 242773726
3100 1 302285895
3200 1 306333489
3300 1 393086123
3400 1 423155502
3500 1 478421652
3600 1 527909042
3700 1 609018517
3800 1 703403097
3900 1 586085657
4000 1 825789723
4100 1 885215020
4200 1 1004609313
4300 1 1080523846
4400 1 1183352552
4500 1 1267567099
4600 86 1510289680
4700 1 1682220957
4800 1 1658201249
4900 2 1908075746
5000 1 2033031340
5100 1 2082529645
5200 1 2034691624
5300 1 2394216643
5400 1 2665893087
5500 2 2872583645
5600 1 3098413830
5700 2 3470751266
5800 1 3683092654
5900 2 4266588188
6000 2 4075393664
6100 1 4253307871
6200 1 4696761265
6300 1 4897665981
6400 1 5080912820
6500 2 5790713625
6600 2 5886444069
6700 1 6078605349
6800 1 6647762856
7000 1 7724263516
6900 2 6981846558
100 0 1534
200 1 8155
600 1 417640
400 0 67201
300 0 33589
900 0 1887005
500 1 236919
700 0 736326
800 0 1420925
1100 0 4467496
1000 0 2779610
1200 0 6834940
7100 1 8202173503
7200 1 8378759189
7300 2 8676858583
7400 2 9965988858
7500 2 9360268596
7600 1 10495788363
7700 2 11761538277
7800 1 11246431624
7900 2 11605273990
8000 2 12719632651
8100 2 14019367403
8200 2 14744845666
8300 2 15349258077
8400 1 15129375307
8500 1 16249509267
8600 2 16600423785
8700 2 17441463591
8900 2 20012817522
8800 2 18908025037
9000 2 20031640103
9100 2 22417701832
9300 2 23833212715
9200 2 22004872063
9400 2 24021857190
9500 2 26086438056
9600 2 27145253589
9700 2 29026249350
9800 2 28662813994
9900 3 31707134325
10000 2 31519860626
