100 0 876
700 0 664693
800 0 1094174
200 0 8284
300 0 32742
900 1 2033481
1000 0 3163579
600 0 354747
500 0 186056
400 0 85884
1100 1 4766895
1200 0 7620479
1300 0 8550193
1500 1 14811170
1400 1 13274691
1600 0 19135636
1700 0 28317248
1800 0 33090062
1900 0 39005851
2000 1 52782909
2100 0 61263253
2200 0 74988125
2300 0 84565311
2400 0 94376861
2500 1 117531602
2600 1 143891233
2700 1 183215582
2800 1 194745265
2900 0 210568518
3000 0 253745070
3100 0 280176905
3200 0 305893256
3300 0 384905492
3400 1 416218261
3500 1 509265716
3600 0 533127442
3700 0 513483218
3800 1 694074528
3900 1 683214324
4000 0 843616149
4100 1 973464670
4200 1 962894338
4300 1 1026990376
4400 1 1328468046
4500 1 1278475014
4600 85 1509913132
4700 1 1484909905
4800 1 1714112836
4900 1 1653049537
5000 1 1856146734
5100 1 2142416089
5200 1 2257905495
5300 1 2559465167
5400 1 2688781303
5500 1 2701674105
5600 1 3041236696
5700 2 3129731865
5800 2 3374015374
5900 2 3681489469
6000 1 3877629114
6100 1 4215450937
6200 2 4839411965
6300 1 4926168422
6400 1 5330252077
6500 1 5751960663
6600 1 5997491782
6700 2 6362845088
6800 1 7171927467
6900 1 7255463278
7000 1 7447920380
7100 1 7969307057
7200 2 8724895881
7300 2 8256309638
7400 2 9580177943
7500 2 10228193394
7600 2 9735733270
7700 2 11275985340
7800 2 12274924010
7900 2 12559088443
8000 2 12776988724
8100 2 13448997927
8300 2 15620843331
8200 2 13570855609
8400 2 15822587613
8500 2 16329374666
8600 2 17695709043
8700 2 18891079018
8800 2 18786654533
9000 2 21391048136
8900 2 21087895126
9100 2 20060745001
9200 2 22555326327
9300 2 23794313378
9400 2 24777159521
9500 2 26446189275
9600 2 28532667767
10000 2 30639773589
9700 2 27814683258
9800 2 30543773987
9900 3 29650511856
