400 0 125345
300 0 37973
100 0 929
200 0 7665
500 0 221764
700 1 675297
800 0 1325566
600 0 427303
900 0 1335624
1000 1 3451685
1200 1 5551050
1300 0 8620133
1500 0 16121103
1100 0 4216940
1600 0 20533866
1400 1 16572937
1700 1 25842357
1800 0 29896853
1900 0 36779279
2000 0 54978830
2200 1 76642098
2300 1 84469172
2100 1 60015469
2400 1 110475239
2500 1 130208843
2600 0 127856857
3000 0 252821851
2800 0 210851607
2900 0 222911944
2700 0 165836765
3100 1 308894174
3200 0 312185119
3500 1 448520917
3300 1 347368981
3400 0 376402163
3800 1 706036951
3600 1 547841106
3700 1 566154478
3900 1 777323668
4000 1 774462589
4100 1 946629925
4200 2 1038657102
5700 1 3132381559
4300 2 992215349
5800 1 3335765663
4400 2 1323110104
5900 2 3801326806
4900 2 1838123518
4500 1 1239690398
6000 1 4129869366
5000 2 2009295970
6100 1 4050163109
6200 1 4650018438
4600 154 1292685141
4700 2 1529569626
6300 1 4756305433
5100 2 2183171291
4800 2 1559685036
6400 2 5651011221
5200 2 2309059544
6500 2 5616408699
5300 1 2368052612
6600 1 5856801879
6700 1 6750010346
6800 2 6302385947
5400 2 2704174990
5500 2 2788663188
6900 2 7574946921
5600 2 3100066272
7000 1 7690253791
7100 1 7904809918
7200 2 8730168753
7300 1 8907390855
7400 2 9417042720
7500 2 9693196142
7600 1 10979626829
7700 2 11433627657
7800 1 11545286272
7900 2 12175260089
8000 2 13277184326
8100 2 13457176010
8200 1 14127897843
8300 2 14443043137
8400 2 15787896172
8500 2 17382478437
8600 2 17516960914
8700 2 18040543957
8800 2 20852214110
8900 2 19194424928
9000 2 20897743632
9100 1 20684016306
9200 2 22348620873
9300 2 23257256343
9400 2 24523178571
9600 2 26977334416
9500 2 25336296716
9700 2 27649104507
9800 2 29933274911
9900 2 31922822150
10000 2 31971200991
