900 0 2472301
1000 1 3017054
1100 0 5010844
1200 0 7534240
1300 0 8442120
1400 0 11318555
1500 1 18106832
1600 0 21104994
1700 1 28271878
1800 0 31353369
1900 1 53749849
2000 0 50609623
2100 1 64667719
2200 0 74522486
2300 1 82471137
100 0 2833
200 0 6385
300 0 26687
400 0 148172
500 0 256825
600 0 514448
700 0 774167
800 0 1534372
3900 1 759153945
2400 1 121426587
2500 0 123844332
2600 1 133349307
2700 1 186794305
2800 1 189798879
2900 1 216089558
3000 1 260427118
3100 1 291561872
3200 0 312733156
3300 1 360952691
3400 1 415104245
3500 1 481531019
3600 1 522262940
3700 1 585441371
3800 1 619516471
5600 1 3245582745
4000 1 754449415
4100 1 877576801
4200 1 979703996
4300 1 1021645941
4400 1 1181954811
4500 1 1425259376
4600 83 1387653930
4700 1 1554451443
4800 2 1694306724
4900 1 1789558459
5000 1 1851312206
5100 1 2225180468
5200 1 2338765322
5500 2 2950928443
5300 1 2519516952
5400 1 2834592053
5700 1 3459736295
5800 1 3790737523
5900 1 3838960996
6000 1 4072545908
6100 2 4355597751
6200 2 4683432187
6300 2 4836670015
6400 2 5223286216
6500 1 5511760557
6600 2 5925847950
6700 2 6705982557
6800 1 6510175094
6900 2 6918629245
7000 1 7226192088
7100 2 7914284813
7200 1 9002911791
7300 2 9564931417
7400 2 9363304714
7500 2 9980256487
7600 2 10311750797
7700 2 10402698886
7800 1 11351479274
7900 2 12388933483
8000 2 13966429751
8100 2 14780709380
8200 2 14188209841
8300 2 15892800235
8400 2 15562012733
8500 2 16693566351
8600 2 17191697485
8700 2 17918583971
8800 2 17762215399
8900 2 19812342687
9000 2 20442725478
9100 2 21265068885
9200 2 21978314323
9300 3 23797082728
9400 2 25374553289
9500 2 25386806013
9700 2 28270613705
9600 2 27248986296
9800 2 29257019373
9900 2 30070707507
10000 2 30549849730
