100 0 1743
200 0 7830
400 0 75449
700 0 456676
300 0 29682
500 0 213517
600 0 498077
900 0 2013567
1000 0 3765144
800 0 1291513
1100 0 4903393
1200 0 7292789
1300 0 8761008
1400 0 13076480
1500 1 16457299
1600 1 20714334
1700 0 26642485
1800 0 36810933
1900 1 39964108
2200 0 75526421
2000 0 47633168
2100 0 57416032
2300 1 95451692
2400 0 110796998
2500 1 128588311
2600 0 139078755
2700 0 166198937
2800 1 200120118
2900 0 218589346
3000 1 235852034
3200 1 316174489
3100 1 259617208
3400 1 427395256
3300 1 364976880
3500 0 439289937
5200 1 2299964179
5300 1 2649724000
5400 1 2563501920
5500 2 2658675048
5600 1 3157977734
5700 1 3475348384
5800 1 3733115803
5900 1 3660268778
6000 1 4060577310
6100 2 4407499703
6200 2 4869226055
6300 2 5076698155
6400 2 5290696530
6500 1 5276805682
6600 1 5795452989
6700 1 6498965300
6800 2 6958672811
6900 2 7201838292
7000 2 7671552312
7100 1 8225930040
7200 2 8419861452
7300 2 8585020660
7400 2 9387370732
7500 2 9915666540
7600 2 10862698470
7700 2 10836891823
3600 1 545562150
3700 1 632309420
3800 1 677357150
7800 1 12273489043
3900 1 737069843
4000 1 870777803
7900 1 12466295235
4100 1 880577281
4200 1 1000777208
8000 2 12616482627
4300 1 1074720951
4400 1 1159397888
8100 1 13615269924
4500 1 1262351488
4600 84 1452831412
4700 1 1531837385
8200 2 13765647259
4800 1 1722717139
8300 2 14465167658
4900 1 2038686508
5000 1 1944543544
5100 2 2336012904
10000 2 32926095409
8400 2 16080886723
8500 2 16334504047
8600 2 17263697426
9900 3 29993462842
8700 2 17599025530
8800 2 20356826794
8900 1 19918129706
9000 3 22217513224
9100 2 20531122725
9200 2 21669307905
9300 2 23826941096
9400 2 24314806252
9500 2 26750374584
9600 3 26379781218
9700 2 27554469358
9800 2 28722567722
