100 0 2630
500 0 203335
300 1 17787
200 0 11254
400 1 69594
600 0 442938
700 0 847127
800 0 1227978
2500 1 113072346
2600 1 129584402
2700 0 168403196
2800 1 193015174
2900 0 238456721
3000 0 262891375
3100 1 288312770
3200 1 336564710
3300 1 331256744
3400 0 407744510
3700 1 642364198
3500 1 511040440
3800 1 671013764
3600 0 505464254
3900 1 735931376
4000 1 825701269
4100 1 825123428
4200 0 974873071
4300 1 1102129369
4400 1 1183344752
4500 1 1279401928
4600 87 1481402801
4700 1 1607633766
4800 1 1723604682
4900 1 1906366576
5000 1 1930713203
5100 1 2147020121
5200 1 2276668502
5300 1 2597865041
5400 1 2643574840
5500 1 2836211901
5600 1 3228090189
5700 1 3246610429
5800 1 3741404167
5900 2 3989290593
6000 2 4128283880
6100 2 4679900889
6200 2 4620689395
6300 2 4887615770
6400 2 5537097429
6500 2 5693162377
6600 1 5842198912
6700 2 6195364413
6800 2 7098318603
900 1 1704903
1000 0 3287221
1100 0 4749317
1200 0 7392708
1300 0 8139947
1400 0 13217129
1500 0 16493634
1600 1 21418961
1700 1 25637304
1800 0 32273250
1900 0 41758209
2000 1 55058054
2100 1 60674628
2200 0 78163740
2300 1 94973991
2400 1 110577415
8500 2 16554303610
8600 1 17744762769
8700 2 17425746921
8800 2 19040975124
8900 2 18982247460
9000 2 21758733940
9300 2 23087761488
9100 2 21680707284
9200 2 21506306300
9400 2 23574991444
6900 2 7008401734
9700 2 28397414453
9500 2 24411030623
7000 2 7965769034
9600 2 26070215475
7100 1 7792617787
7200 2 8373455570
9800 3 28187569296
7300 2 9308905417
9900 2 29757781673
7400 2 9643080115
7500 2 11136867213
7600 2 11217331892
10000 2 32821709565
7700 2 11173146408
7800 1 11974110376
7900 1 13178239610
8000 2 13141780981
8100 2 14684057942
8200 2 15027489003
8300 2 15109280456
8400 1 16833906420
